0 0 1 2
1 3 4 5 6 7 8 9
2 10 11 12 13 14 15 16
3 17 18 19 20 21 22
4 23 24 25 26 27 28 29 30 31 32 33
5 34 35 36 37 38 39
6 40 41 42 43 44 45 46 47
7 48 49
8 50 51 52 53
9 54 55 56 57 58 59
10 60 61 62 63 64 65 66 67 68 69
11 70 71 72 73 74
12 75 76 77 78
13 79 80 81 82 83 84 85
14 86 87 88 89 90 91 92 93 94 95
15 96 97 98 99
16 100 101 102 103
17 104 105 106 107
18 108 109 110 111 112 113 114 115 116 117
19 118 119 120 121 122 123
20 124 125 126 127 128 129 130
21 131 132
22 133 134 135 136
23 137 138 139 140 141 142 143 144
24 145 146 147 148 149
25 150 151
26 152 153 154
27 155 156 157 158 159 160
28 161 162 163 164 165
29 166 167 168 169
30 170 171 172 173 174
31 175
32 176 177 178 179
33 180 181 182 183
34 184 185 186 187 188 189
35 190 191 192 193 194 195 196
36 197 198 199 200 201 202 203 204
37 205 206 207 208
38 209 210 211
39 212 213 214 215 216 217 218
40 219 220 221 222 223 224 225 226 227
41 228 229 230 231 232
42 233 234 235
43 236 237 238 239 240 241
44 242 243 244 245 246 247
45 248 249 250 251 252 253 254 255
46 256 257
47 258 259 260 261 262 263 264
48 265 266 267 268 269 270 271
49 272 273 274
50 275 276 277 278 279 280
51 281 282 283 284 285 286 287 288
52 289 290 291 292 293
53 294 295 296 297 298 299
54 
55 
56 
57 
58 
59 
60 
61 
62 
63 
64 
65 
66 
67 
68 
69 
70 
71 
72 
73 
74 
75 
76 
77 
78 
79 
80 
81 
82 
83 
84 
85 
86 
87 
88 
89 
90 
91 
92 
93 
94 
95 
96 
97 
98 
99 
